S1_F0 = 0;
S2_F0 = 1;

